0.500000 
0.344042 
0.429553 
0.273595 
0.344042 
0.500000 
0.273595 
0.429553 
0.420833 
0.295167 
0.295167 
0.125666 
0.500000 
0.429553 
0.344042 
0.273595 
0.420833 
0.251332 
0.590334 
0.420833 
0.273595 
0.429553 
0.344042 
0.500000 
0.500000 
0.344042 
0.429553 
0.273595 
0.344042 
0.500000 
0.273595 
0.429553 
0.420833 
0.295167 
0.295167 
0.125666 
0.500000 
0.429553 
0.344042 
0.273595 
0.420833 
0.251332 
0.590334 
0.420833 
0.273595 
0.429553 
0.344042 
0.500000 
0.500000 
0.344042 
0.429553 
0.273595 
0.344042 
0.500000 
0.273595 
0.429553 
0.420833 
0.295167 
0.295167 
0.125666 
0.500000 
0.429553 
0.344042 
0.273595 
0.420833 
0.251332 
0.590334 
0.420833 
0.273595 
0.429553 
0.344042 
0.500000 
0.500000 
0.344042 
0.429553 
0.273595 
0.344042 
0.500000 
0.273595 
0.429553 
0.420833 
0.295167 
0.295167 
0.125666 
0.500000 
0.429553 
0.344042 
0.273595 
0.420833 
0.251332 
0.590334 
0.420833 
0.273595 
0.429553 
0.344042 
0.500000 
0.500000 
0.344042 
0.429553 
0.273595 
0.344042 
0.500000 
0.273595 
0.429553 
0.420833 
0.295167 
0.295167 
0.125666 
0.500000 
0.429553 
0.344042 
0.273595 
0.420833 
0.251332 
0.590334 
0.420833 
0.273595 
0.429553 
0.344042 
0.500000 
0.500000 
0.344042 
0.429553 
0.273595 
0.344042 
0.500000 
0.273595 
0.429553 
0.420833 
0.295167 
0.295167 
0.125666 
0.500000 
0.429553 
0.344042 
0.273595 
0.420833 
0.251332 
0.590334 
0.420833 
0.273595 
0.429553 
0.344042 
0.500000 
0.500000 
0.344042 
0.429553 
0.273595 
0.344042 
0.500000 
0.273595 
0.429553 
0.420833 
0.295167 
0.295167 
0.125666 
0.500000 
0.429553 
0.344042 
0.273595 
0.420833 
0.251332 
0.590334 
0.420833 
0.273595 
0.429553 
0.344042 
0.500000 
0.500000 
0.344042 
0.429553 
0.273595 
0.344042 
0.500000 
0.273595 
0.429553 
0.420833 
0.295167 
0.295167 
0.125666 
0.500000 
0.429553 
0.344042 
0.273595 
0.420833 
0.251332 
0.590334 
0.420833 
0.273595 
0.429553 
0.344042 
0.500000 
0.500000 
0.344042 
0.429553 
0.273595 
0.344042 
0.500000 
0.273595 
0.429553 
0.420833 
0.295167 
0.295167 
0.125666 
0.500000 
0.429553 
0.344042 
0.273595 
0.420833 
0.251332 
0.590334 
0.420833 
0.273595 
0.429553 
0.344042 
0.500000 
0.500000 
0.344042 
0.429553 
0.273595 
0.344042 
0.500000 
0.273595 
0.429553 
0.420833 
0.295167 
0.295167 
0.125666 
0.500000 
0.429553 
0.344042 
0.273595 
0.420833 
0.251332 
0.590334 
0.420833 
0.273595 
0.429553 
0.344042 
0.500000 
0.500000 
0.344042 
0.429553 
0.273595 
0.344042 
0.500000 
0.273595 
0.429553 
0.420833 
0.295167 
0.295167 
0.125666 
0.500000 
0.429553 
0.344042 
0.273595 
0.420833 
0.251332 
0.590334 
0.420833 
0.273595 
0.429553 
0.344042 
0.500000 
0.500000 
0.344042 
0.429553 
0.273595 
0.344042 
0.500000 
0.273595 
0.429553 
0.420833 
0.295167 
0.295167 
0.125666 
0.500000 
0.429553 
0.344042 
0.273595 
0.420833 
0.251332 
0.590334 
0.420833 
0.273595 
0.429553 
0.344042 
0.500000 
0.500000 
0.344042 
0.429553 
0.273595 
0.344042 
0.500000 
0.273595 
0.429553 
0.420833 
0.295167 
0.295167 
0.125666 
0.500000 
0.429553 
0.344042 
0.273595 
0.420833 
0.251332 
0.590334 
0.420833 
0.273595 
0.429553 
0.344042 
0.500000 
0.500000 
0.344042 
0.429553 
0.273595 
0.344042 
0.500000 
0.273595 
0.429553 
0.420833 
0.295167 
0.295167 
0.125666 
0.500000 
0.429553 
0.344042 
0.273595 
0.420833 
0.251332 
0.590334 
0.420833 
0.273595 
0.429553 
0.344042 
0.500000 
0.500000 
0.344042 
0.429553 
0.273595 
0.344042 
0.500000 
0.273595 
0.429553 
0.420833 
0.295167 
0.295167 
0.125666 
0.500000 
0.429553 
0.344042 
0.273595 
0.420833 
0.251332 
0.590334 
0.420833 
0.273595 
0.429553 
0.344042 
0.500000 
0.500000 
0.344042 
0.429553 
0.273595 
0.344042 
0.500000 
0.273595 
0.429553 
0.420833 
0.295167 
0.295167 
0.125666 
0.500000 
0.429553 
0.344042 
0.273595 
0.420833 
0.251332 
0.590334 
0.420833 
0.273595 
0.429553 
0.344042 
0.500000 
