818
10
231
225
235
5
11
230
224
234
4
26
274
265
269
21
285
279
289
33
303
297
307
41
27
275
264
268
20
284
278
288
32
302
296
306
40
58
346
337
341
53
357
351
361
65
59
347
336
340
52
356
350
360
64
126
519
513
523
78
398
389
402
70
380
371
384
73
127
518
512
522
79
399
388
403
71
381
370
385
72
102
470
461
474
98
452
443
456
94
436
427
431
89
562
553
557
137
573
567
577
145
591
585
595
102
103
471
460
475
99
453
442
457
95
437
426
430
88
563
552
556
136
572
566
576
144
590
584
594
103
118
508
499
503
113
634
625
629
161
645
639
649
169
119
509
498
502
112
635
624
628
160
644
638
648
168
182
686
677
690
174
668
659
672
177
183
687
676
691
175
669
658
673
176
206
758
749
762
202
740
731
744
198
724
715
719
193
207
759
748
763
203
741
730
745
199
725
714
718
192
222
796
787
791
217
223
797
786
790
216
6
238
229
233
1
249
243
253
17
267
261
271
25
7
239
228
232
0
248
242
252
16
266
260
270
24
42
310
301
305
37
321
315
325
49
339
333
343
57
43
311
300
304
36
320
314
324
48
338
332
342
56
66
364
355
359
61
490
481
485
109
501
495
505
117
67
365
354
358
60
491
480
484
108
500
494
504
116
90
434
425
438
86
416
407
420
82
400
391
395
77
526
517
521
121
537
531
541
133
555
549
559
90
91
435
424
439
87
417
406
421
83
401
390
394
76
527
516
520
120
536
530
540
132
554
548
558
91
154
614
605
618
150
596
587
600
146
580
571
575
141
706
697
701
189
717
711
721
197
735
729
739
154
155
615
604
619
151
597
586
601
147
581
570
574
140
707
696
700
188
716
710
720
196
734
728
738
155
170
652
643
647
165
778
769
773
213
789
783
793
221
171
653
642
646
164
779
768
772
212
788
782
792
220
74
375
369
379
14
254
245
258
2
236
227
240
9
75
374
368
378
15
255
244
259
3
237
226
241
8
46
326
317
330
38
308
299
312
34
292
283
287
29
418
409
413
85
429
423
433
93
447
441
451
46
47
327
316
331
39
309
298
313
35
293
282
286
28
419
408
412
84
428
422
432
92
446
440
450
47
114
506
497
510
110
488
479
492
106
472
463
467
101
598
589
593
149
609
603
613
157
627
621
631
114
115
507
496
511
111
489
478
493
107
473
462
466
100
599
588
592
148
608
602
612
156
626
620
630
115
178
663
657
667
130
542
533
546
122
524
515
528
125
179
662
656
666
131
543
532
547
123
525
514
529
124
194
722
713
726
190
704
695
708
186
688
679
683
181
195
723
712
727
191
705
694
709
187
689
678
682
180
218
794
785
798
214
776
767
780
210
760
751
755
205
219
795
784
799
215
777
766
781
211
761
750
754
204
30
290
281
294
22
272
263
276
18
256
247
251
13
382
373
377
69
393
387
397
81
411
405
415
30
31
291
280
295
23
273
262
277
19
257
246
250
12
383
372
376
68
392
386
396
80
410
404
414
31
62
362
353
366
54
344
335
348
50
328
319
323
45
454
445
449
97
465
459
469
105
483
477
487
62
63
363
352
367
55
345
334
349
51
329
318
322
44
455
444
448
96
464
458
468
104
482
476
486
63
142
578
569
582
138
560
551
564
134
544
535
539
129
670
661
665
173
681
675
685
185
699
693
703
142
143
579
568
583
139
561
550
565
135
545
534
538
128
671
660
664
172
680
674
684
184
698
692
702
143
166
650
641
654
162
632
623
636
158
616
607
611
153
742
733
737
201
753
747
757
209
771
765
775
166
167
651
640
655
163
633
622
637
159
617
606
610
152
743
732
736
200
752
746
756
208
770
764
774
167
